./data/dataset/train/0.jpg 221,48,256,97,8 300,212,336,252,8 375,322,396,369,5 64,115,90,149,1 168,179,189,205,4 
./data/dataset/train/1.jpg 381,316,401,365,9 55,160,84,211,3 291,39,340,101,5 
./data/dataset/train/2.jpg 284,87,314,134,2 1,273,53,335,9 367,175,395,223,7 241,227,260,260,9 316,46,347,71,9 
./data/dataset/train/3.jpg 51,335,111,397,7 167,162,189,212,8 307,270,348,323,1 122,225,142,253,3 
./data/dataset/train/4.jpg 248,119,273,178,4 157,49,197,89,2 107,291,142,325,3 342,343,362,375,5 
./data/dataset/train/5.jpg 48,237,83,278,4 332,151,364,178,5 266,90,285,138,2 92,201,111,229,9 213,310,248,345,7 
./data/dataset/train/6.jpg 71,104,106,149,1 279,168,317,214,7 206,343,230,388,9 367,269,399,317,1 
./data/dataset/train/7.jpg 122,29,146,55,7 63,183,107,241,9 299,65,362,117,3 220,249,256,309,7 
./data/dataset/train/8.jpg 18,236,52,275,4 307,54,341,115,4 126,136,145,173,9 
./data/dataset/train/9.jpg 144,247,169,292,2 58,116,80,157,3 340,6,367,44,3 242,216,273,246,8 
./data/dataset/train/10.jpg 111,313,139,369,8 47,19,83,91,8 7,139,42,177,8 377,254,411,292,2 
./data/dataset/train/11.jpg 264,278,299,311,1 17,3,44,40,2 364,114,409,154,7 
./data/dataset/train/12.jpg 158,287,198,341,5 246,50,283,121,6 51,198,76,245,1 336,135,378,194,9 
./data/dataset/train/13.jpg 28,289,54,316,3 269,328,300,379,9 202,13,220,41,1 
./data/dataset/train/14.jpg 247,154,287,200,9 65,49,95,100,7 97,238,132,275,7 325,352,348,387,7 
./data/dataset/train/15.jpg 359,30,389,83,2 109,366,147,405,1 305,289,332,348,1 179,93,228,136,9 
./data/dataset/train/16.jpg 343,104,374,169,4 269,56,314,91,5 384,225,415,293,3 134,323,163,381,3 
./data/dataset/train/17.jpg 70,155,108,191,8 22,302,59,341,6 278,354,330,398,5 154,247,192,283,6 
./data/dataset/train/18.jpg 255,250,293,301,8 148,346,204,391,2 382,12,413,54,6 301,102,321,140,9 349,142,367,189,8 
./data/dataset/train/19.jpg 143,366,178,398,2 363,292,394,318,4 89,84,115,122,8 218,249,254,275,1 
./data/dataset/train/20.jpg 286,380,320,415,2 195,159,213,189,1 231,294,256,322,2 68,64,87,90,3 
./data/dataset/train/21.jpg 181,108,228,147,1 19,33,42,77,8 62,237,127,311,8 
./data/dataset/train/22.jpg 204,53,253,89,6 32,311,67,344,6 328,261,358,308,8 
./data/dataset/train/23.jpg 313,116,342,141,2 60,294,103,357,9 375,233,410,273,8 
./data/dataset/train/24.jpg 109,68,156,105,9 357,251,383,284,6 326,318,350,356,4 
./data/dataset/train/25.jpg 195,127,225,179,2 73,268,126,322,6 364,20,390,45,4 127,360,150,412,6 7,55,41,97,6 
./data/dataset/train/26.jpg 13,150,43,177,5 98,183,144,219,4 377,261,405,294,5 60,330,86,368,9 322,223,353,253,5 
./data/dataset/train/27.jpg 263,111,301,157,2 329,54,389,98,9 200,258,232,289,8 
./data/dataset/train/28.jpg 240,336,270,376,4 311,214,349,268,2 369,150,391,173,6 159,69,214,136,1 111,28,133,54,7 31,273,84,315,9 
./data/dataset/train/29.jpg 273,310,298,340,6 154,192,188,220,7 97,63,128,100,1 228,237,267,277,3 300,145,339,189,5 
./data/dataset/train/30.jpg 24,160,46,191,2 134,341,162,375,9 281,261,319,305,7 378,96,406,128,5 
./data/dataset/train/31.jpg 387,145,415,190,8 192,382,236,414,9 76,7,123,59,3 31,269,69,336,4 306,62,327,96,3 
./data/dataset/train/32.jpg 264,365,290,404,2 149,204,167,257,4 371,121,406,182,1 219,292,249,341,3 
./data/dataset/train/33.jpg 239,271,278,308,7 28,220,58,248,5 142,318,179,365,5 84,167,109,212,2 288,128,312,160,3 
./data/dataset/train/34.jpg 117,345,152,396,8 304,285,332,329,7 226,42,279,110,3 
./data/dataset/train/35.jpg 352,141,387,182,5 130,19,165,57,2 17,306,47,335,7 71,257,103,284,5 
./data/dataset/train/36.jpg 344,109,368,161,7 146,60,168,104,5 33,368,66,394,8 246,325,266,354,1 
./data/dataset/train/37.jpg 224,159,268,213,2 292,53,322,88,8 107,343,128,387,1 361,18,393,44,3 20,258,49,287,3 
./data/dataset/train/38.jpg 83,259,102,286,7 233,224,260,248,6 296,293,320,351,9 348,54,376,103,5 
./data/dataset/train/39.jpg 230,14,258,69,5 67,146,93,197,6 102,221,136,264,9 15,328,41,373,4 
./data/dataset/train/40.jpg 15,32,46,78,1 205,375,243,409,2 372,129,399,171,3 264,195,293,237,9 
./data/dataset/train/41.jpg 321,35,348,74,2 167,350,193,379,2 50,228,89,257,1 111,295,166,349,6 256,146,288,196,3 
./data/dataset/train/42.jpg 46,308,67,353,9 338,257,367,289,8 165,216,190,241,8 208,129,227,174,3 
./data/dataset/train/43.jpg 215,44,249,80,7 276,98,313,154,2 82,189,112,238,6 185,254,205,301,9 
./data/dataset/train/44.jpg 296,146,316,189,1 337,297,367,334,2 102,350,130,376,4 68,38,88,66,1 146,213,181,247,9 
./data/dataset/train/45.jpg 342,271,403,333,5 109,214,147,244,8 292,356,326,398,6 
./data/dataset/train/46.jpg 119,56,156,94,9 197,228,238,262,3 272,170,296,221,6 
./data/dataset/train/47.jpg 286,3,306,37,4 345,265,375,299,5 78,146,104,172,9 377,333,408,369,6 155,186,188,213,8 
./data/dataset/train/48.jpg 301,179,331,215,5 8,325,55,388,3 348,93,377,121,8 
./data/dataset/train/49.jpg 23,79,87,123,5 351,269,392,320,5 192,336,221,372,3 285,190,303,228,6 239,30,276,75,6 
./data/dataset/train/50.jpg 109,278,135,307,2 362,90,387,128,6 264,131,293,178,7 
./data/dataset/train/51.jpg 325,339,354,384,7 33,216,77,258,4 245,164,269,211,2 
./data/dataset/train/52.jpg 257,372,285,410,4 142,125,179,174,9 320,87,346,118,1 
./data/dataset/train/53.jpg 334,376,361,415,4 118,39,176,78,7 31,156,59,188,1 
./data/dataset/train/54.jpg 44,275,71,315,7 232,331,256,366,6 96,18,127,64,3 
./data/dataset/train/55.jpg 147,18,187,55,1 198,307,246,340,3 49,131,86,167,6 105,267,134,296,5 
./data/dataset/train/56.jpg 269,340,297,376,8 136,277,166,335,6 350,93,391,152,2 49,23,72,74,3 
./data/dataset/train/57.jpg 210,298,230,332,6 343,340,376,391,9 113,40,131,82,2 320,179,341,211,5 150,216,179,261,7 
./data/dataset/train/58.jpg 89,50,133,101,7 58,110,82,142,7 302,210,338,252,1 8,266,42,302,7 
./data/dataset/train/59.jpg 332,149,357,175,8 374,14,398,53,2 250,342,289,368,4 
./data/dataset/train/60.jpg 284,96,324,134,8 86,360,106,404,1 203,295,240,353,7 17,254,54,290,4 126,29,186,91,6 
./data/dataset/train/61.jpg 38,371,76,395,9 309,189,332,217,8 244,266,274,301,7 147,58,176,110,1 
./data/dataset/train/62.jpg 297,177,328,222,3 194,273,243,327,6 57,74,83,120,5 360,132,397,165,3 
./data/dataset/train/63.jpg 304,2,323,44,8 149,357,186,405,5 339,127,359,169,5 123,293,143,320,8 
./data/dataset/train/64.jpg 338,333,370,382,4 220,55,265,98,5 295,147,336,208,9 179,383,214,411,1 
./data/dataset/train/65.jpg 153,139,175,170,2 101,83,137,115,8 333,382,362,410,4 35,319,85,377,5 224,191,274,242,3 5,13,30,45,4 
./data/dataset/train/66.jpg 82,221,115,254,1 302,161,334,197,7 198,377,242,413,9 
./data/dataset/train/67.jpg 56,42,86,85,1 143,297,176,347,1 287,135,324,181,5 
./data/dataset/train/68.jpg 380,302,413,347,4 270,364,295,408,6 98,75,115,114,1 117,158,149,210,4 335,235,372,275,6 
./data/dataset/train/69.jpg 102,361,122,397,3 237,304,284,344,1 365,229,389,287,2 4,16,38,63,3 
./data/dataset/train/70.jpg 109,142,127,187,5 379,382,413,414,4 131,313,178,376,2 0,203,29,250,7 33,39,52,74,6 259,253,288,290,2 
./data/dataset/train/71.jpg 109,324,143,369,8 270,229,296,260,3 217,131,250,173,4 
./data/dataset/train/72.jpg 347,114,383,150,4 97,173,128,214,8 33,321,64,388,5 
./data/dataset/train/73.jpg 87,253,119,281,6 304,110,338,158,9 233,353,295,414,8 
./data/dataset/train/74.jpg 284,169,328,204,8 195,329,226,353,8 43,94,78,143,7 
./data/dataset/train/75.jpg 257,239,285,271,4 163,165,182,204,1 43,292,77,318,9 188,12,240,48,4 
./data/dataset/train/76.jpg 293,153,325,177,5 114,87,136,134,4 177,289,217,323,8 150,331,171,373,9 
./data/dataset/train/77.jpg 14,258,50,303,9 299,325,324,348,8 328,64,349,109,6 80,127,106,183,2 
./data/dataset/train/78.jpg 373,204,409,252,4 168,341,212,393,6 345,290,363,324,3 45,145,93,192,4 
./data/dataset/train/79.jpg 43,268,90,315,3 101,350,161,389,9 322,134,366,179,4 177,86,208,113,5 
./data/dataset/train/80.jpg 114,225,135,250,6 347,60,372,97,4 281,307,314,335,8 
./data/dataset/train/81.jpg 56,218,84,249,6 94,118,128,172,4 331,18,367,50,3 
./data/dataset/train/82.jpg 55,210,85,249,8 216,87,248,135,5 277,302,314,358,4 17,53,37,80,9 
./data/dataset/train/83.jpg 225,182,275,216,6 178,5,208,43,8 310,116,338,154,4 115,280,154,322,8 
./data/dataset/train/84.jpg 246,312,275,348,1 29,153,69,209,1 347,79,389,148,7 
./data/dataset/train/85.jpg 54,128,74,164,5 215,317,235,344,7 168,190,199,249,9 
./data/dataset/train/86.jpg 360,130,382,172,6 62,49,87,90,5 284,185,323,249,4 100,340,130,375,2 
./data/dataset/train/87.jpg 350,50,370,74,2 154,338,179,368,5 211,97,249,171,1 
./data/dataset/train/88.jpg 295,120,335,168,4 138,33,175,72,4 177,186,203,221,6 257,274,290,311,6 
./data/dataset/train/89.jpg 64,309,84,357,9 331,282,357,308,3 277,199,327,239,5 123,121,151,180,6 153,56,171,88,8 
./data/dataset/train/90.jpg 57,268,93,314,1 249,322,271,352,3 2,56,31,102,8 
./data/dataset/train/91.jpg 163,240,199,264,2 210,298,244,330,4 270,39,323,79,8 
./data/dataset/train/92.jpg 26,363,60,389,5 103,150,158,215,9 277,287,307,320,7 
./data/dataset/train/93.jpg 152,163,182,220,3 120,2,150,28,3 25,30,55,75,8 252,119,281,159,4 304,279,324,309,1 
./data/dataset/train/94.jpg 310,352,340,410,4 261,304,294,351,6 28,205,62,230,5 72,242,94,279,7 220,107,250,168,5 
./data/dataset/train/95.jpg 52,126,89,160,8 105,161,142,222,6 
./data/dataset/train/96.jpg 192,297,229,333,1 159,345,179,387,9 371,188,392,218,6 47,60,91,123,9 
./data/dataset/train/97.jpg 45,188,79,231,6 150,269,182,317,3 290,99,324,130,5 
./data/dataset/train/98.jpg 71,120,114,176,5 184,17,204,69,7 351,259,375,307,5 
./data/dataset/train/99.jpg 238,310,258,351,7 99,104,129,149,4 161,213,192,248,2 264,21,301,57,3 204,369,224,395,9 
./data/dataset/train/100.jpg 69,217,111,251,9 335,309,365,358,3 234,73,261,108,1 124,138,161,190,8 
./data/dataset/train/101.jpg 170,145,202,201,7 16,251,66,316,6 78,35,105,85,5 258,328,284,369,6 
./data/dataset/train/102.jpg 161,256,183,285,1 15,71,48,123,5 192,146,225,180,7 347,24,381,60,1 
./data/dataset/train/103.jpg 241,38,277,96,9 354,122,371,172,1 76,202,110,237,8 183,328,210,370,1 
./data/dataset/train/104.jpg 246,146,271,190,7 322,313,344,341,8 286,105,312,145,7 356,255,386,297,9 
./data/dataset/train/105.jpg 359,333,395,405,6 251,272,284,310,3 179,73,211,112,5 
./data/dataset/train/106.jpg 86,186,117,219,5 321,260,347,306,6 160,69,193,100,2 354,2,382,50,3 277,105,298,141,1 
./data/dataset/train/107.jpg 197,79,221,123,1 19,336,36,382,2 61,160,100,226,5 
./data/dataset/train/108.jpg 52,159,83,204,8 244,85,275,130,9 107,361,142,407,7 312,212,370,280,7 
./data/dataset/train/109.jpg 328,346,365,388,1 24,193,55,233,8 275,266,326,334,2 90,31,137,94,1 371,135,397,162,5 
./data/dataset/train/110.jpg 23,48,46,94,5 342,113,365,150,2 247,178,282,212,7 112,345,146,394,3 
./data/dataset/train/111.jpg 231,76,251,110,2 329,174,352,211,6 189,321,223,367,2 
./data/dataset/train/112.jpg 338,216,380,252,6 209,62,263,114,7 35,294,73,357,1 148,14,184,56,9 
./data/dataset/train/113.jpg 166,6,194,50,7 257,363,280,395,7 67,253,92,301,3 119,133,138,166,9 
./data/dataset/train/114.jpg 44,196,71,249,8 268,336,307,380,4 
./data/dataset/train/115.jpg 176,329,221,390,8 251,244,281,295,9 28,184,61,236,6 337,56,364,93,8 
./data/dataset/train/116.jpg 305,141,356,199,1 156,256,204,294,1 230,209,255,245,5 
./data/dataset/train/117.jpg 138,76,169,101,2 4,327,40,363,5 249,22,277,54,8 339,247,383,297,7 184,109,203,159,4 
./data/dataset/train/118.jpg 45,70,95,134,5 284,355,337,389,6 151,256,179,295,3 354,208,388,250,5 
./data/dataset/train/119.jpg 355,77,400,149,4 48,378,88,408,3 269,222,299,250,2 
./data/dataset/train/120.jpg 65,342,99,386,6 311,252,330,279,4 253,161,285,187,2 191,51,222,82,4 
./data/dataset/train/121.jpg 244,84,281,128,1 198,330,232,379,1 87,272,137,318,5 16,135,41,163,3 
./data/dataset/train/122.jpg 332,343,374,377,4 195,81,246,135,4 272,168,289,207,9 122,214,159,240,9 
./data/dataset/train/123.jpg 165,237,200,313,5 64,155,95,203,7 248,22,295,66,8 
./data/dataset/train/124.jpg 83,169,105,219,3 368,288,406,352,5 312,65,332,103,6 
./data/dataset/train/125.jpg 125,135,168,168,8 348,224,389,280,2 198,318,245,367,4 260,62,281,98,7 
./data/dataset/train/126.jpg 288,356,324,390,2 385,65,414,107,6 166,185,197,237,2 
./data/dataset/train/127.jpg 206,146,236,174,4 155,67,173,103,7 320,377,342,415,1 
./data/dataset/train/128.jpg 363,2,391,32,9 9,220,31,248,8 326,132,357,177,5 234,56,281,94,5 
./data/dataset/train/129.jpg 168,355,204,386,2 47,40,70,80,2 112,268,152,326,6 221,201,250,230,4 
./data/dataset/train/130.jpg 244,294,311,358,6 124,179,157,217,8 344,37,371,75,6 
./data/dataset/train/131.jpg 259,35,285,68,6 337,213,360,236,9 195,336,238,398,5 
./data/dataset/train/132.jpg 349,321,376,362,1 89,237,119,276,3 24,186,42,217,2 156,42,190,76,9 
./data/dataset/train/133.jpg 38,216,75,240,1 198,349,220,394,5 261,159,289,190,1 163,246,188,285,7 
./data/dataset/train/134.jpg 308,28,339,57,3 106,330,134,390,5 145,73,182,143,2 357,174,389,210,4 
./data/dataset/train/135.jpg 250,209,305,256,2 343,330,384,392,5 154,115,181,159,8 2,23,26,61,8 110,160,150,195,3 
./data/dataset/train/136.jpg 160,204,182,232,5 48,355,95,397,7 300,303,325,331,4 326,87,364,145,9 
./data/dataset/train/137.jpg 314,319,338,342,1 215,381,251,414,9 265,95,311,133,9 33,246,75,289,4 182,32,203,66,7 
./data/dataset/train/138.jpg 132,347,165,385,5 56,188,89,213,9 195,35,229,86,3 
./data/dataset/train/139.jpg 241,143,268,193,2 171,323,199,356,7 272,205,299,235,2 110,5,129,48,6 
./data/dataset/train/140.jpg 55,214,76,260,9 350,33,380,70,3 159,160,196,210,6 
./data/dataset/train/141.jpg 277,163,298,194,2 214,227,243,255,5 369,291,388,319,2 29,327,61,371,6 
./data/dataset/train/142.jpg 29,73,56,115,5 353,143,385,172,8 93,207,116,238,1 260,343,320,379,6 177,284,206,330,6 
./data/dataset/train/143.jpg 224,283,274,346,3 120,225,164,276,3 47,61,74,104,1 
./data/dataset/train/144.jpg 241,218,263,257,6 31,277,59,304,3 333,361,366,386,6 117,156,147,196,2 
./data/dataset/train/145.jpg 352,197,390,235,7 292,79,324,124,3 90,136,114,176,5 136,236,161,280,7 
./data/dataset/train/146.jpg 291,87,311,114,5 25,26,58,67,3 338,192,364,239,6 190,255,212,284,2 66,319,83,363,8 
./data/dataset/train/147.jpg 290,70,327,116,9 192,219,222,268,3 4,281,41,320,4 83,124,121,174,4 375,12,413,37,7 
./data/dataset/train/148.jpg 231,290,256,346,6 270,94,307,141,7 314,16,346,64,2 
./data/dataset/train/149.jpg 98,243,135,289,3 256,357,276,396,8 156,291,210,349,4 66,117,96,166,5 323,11,381,65,9 
./data/dataset/train/150.jpg 318,83,343,126,3 186,330,214,394,2 360,221,384,256,7 
./data/dataset/train/151.jpg 198,92,235,156,9 373,20,403,58,5 125,318,177,363,4 
./data/dataset/train/152.jpg 204,201,235,236,4 321,166,348,197,3 351,256,406,298,9 125,57,153,89,6 167,310,197,355,2 
./data/dataset/train/153.jpg 387,42,413,78,9 38,124,85,167,6 326,320,348,359,9 
./data/dataset/train/154.jpg 42,181,70,221,7 182,95,230,162,1 258,34,286,88,8 132,285,154,312,8 
./data/dataset/train/155.jpg 27,88,61,129,9 244,232,263,281,5 129,182,149,216,7 180,321,219,353,2 
./data/dataset/train/156.jpg 30,73,54,125,9 276,358,301,399,5 109,261,169,313,7 374,316,396,342,3 
./data/dataset/train/157.jpg 211,180,241,225,8 364,27,403,76,4 53,356,84,387,4 121,108,149,140,4 
./data/dataset/train/158.jpg 33,315,91,376,3 166,180,199,243,3 108,101,142,146,8 308,47,328,88,4 
./data/dataset/train/159.jpg 365,13,392,58,7 115,263,140,310,6 40,177,76,224,5 
./data/dataset/train/160.jpg 15,324,40,373,7 270,77,305,144,7 
./data/dataset/train/161.jpg 303,267,342,311,7 145,354,182,407,6 221,120,255,165,8 351,199,374,230,8 
./data/dataset/train/162.jpg 135,292,154,341,1 99,248,128,277,4 385,162,407,201,8 68,34,94,63,7 330,374,374,413,3 
./data/dataset/train/163.jpg 249,259,295,301,3 105,307,142,361,1 36,7,62,58,3 
./data/dataset/train/164.jpg 248,344,275,369,9 85,186,105,231,6 148,234,188,278,9 383,138,408,166,4 284,67,312,126,4 
./data/dataset/train/165.jpg 50,274,68,322,3 208,354,266,404,5 118,140,163,208,8 
./data/dataset/train/166.jpg 244,106,271,136,2 183,369,205,396,9 372,224,400,255,3 36,264,77,318,1 
./data/dataset/train/167.jpg 295,120,331,159,1 73,28,133,89,1 387,165,414,216,1 237,222,261,273,3 
./data/dataset/train/168.jpg 234,246,271,274,4 9,51,36,79,9 108,385,137,412,4 382,99,404,131,7 
./data/dataset/train/169.jpg 358,200,405,270,6 84,316,123,367,6 226,79,254,126,5 18,1,51,38,8 
./data/dataset/train/170.jpg 167,187,196,211,7 371,39,400,71,2 68,122,96,170,6 
./data/dataset/train/171.jpg 20,212,55,252,8 187,81,216,107,3 257,166,288,205,7 75,9,97,58,8 121,365,148,393,2 371,283,413,344,6 
./data/dataset/train/172.jpg 259,258,297,293,1 7,309,36,347,8 165,129,212,180,4 
./data/dataset/train/173.jpg 164,23,183,55,1 58,301,89,353,8 242,183,267,214,1 
./data/dataset/train/174.jpg 154,300,200,334,9 364,186,386,212,3 69,115,91,155,2 292,0,321,48,7 
./data/dataset/train/175.jpg 104,295,137,330,7 342,186,371,224,4 26,142,68,180,6 
./data/dataset/train/176.jpg 217,103,269,147,3 178,352,212,389,5 83,182,114,212,2 327,249,364,303,4 
./data/dataset/train/177.jpg 287,302,320,351,8 110,245,152,288,3 386,194,414,240,3 
./data/dataset/train/178.jpg 102,22,122,55,6 27,236,57,267,2 347,87,381,109,4 
./data/dataset/train/179.jpg 99,27,127,64,4 277,85,330,139,9 
./data/dataset/train/180.jpg 50,267,74,301,8 316,21,353,56,4 158,222,186,245,5 234,60,265,91,8 
./data/dataset/train/181.jpg 368,271,405,317,3 219,51,252,78,9 58,222,86,256,3 125,111,162,143,5 
./data/dataset/train/182.jpg 378,274,408,309,1 306,74,329,113,9 80,326,109,356,2 182,357,206,398,2 
./data/dataset/train/183.jpg 65,124,109,183,3 171,307,199,334,6 25,248,59,279,3 378,196,413,238,7 313,343,352,379,8 
./data/dataset/train/184.jpg 351,314,412,368,8 238,160,263,200,2 82,95,108,138,5 
./data/dataset/train/185.jpg 282,164,319,210,6 387,283,405,326,8 171,118,199,157,8 
./data/dataset/train/186.jpg 367,133,400,165,8 234,7,267,49,1 130,202,153,234,5 277,166,301,192,4 
./data/dataset/train/187.jpg 290,266,332,319,8 357,148,377,189,6 129,20,154,65,8 71,377,93,408,4 
./data/dataset/train/188.jpg 366,153,406,203,7 70,278,122,334,1 253,216,274,265,4 
./data/dataset/train/189.jpg 199,28,252,100,5 112,304,155,350,5 49,225,84,266,4 
./data/dataset/train/190.jpg 2,17,37,44,1 354,263,391,312,7 117,185,162,235,5 55,122,78,178,6 
./data/dataset/train/191.jpg 202,110,226,152,8 353,4,374,37,9 85,167,126,210,9 4,263,23,310,9 
./data/dataset/train/192.jpg 358,31,384,83,3 258,197,277,248,2 60,262,88,294,5 204,147,221,182,9 26,356,54,391,1 123,321,155,353,7 
./data/dataset/train/193.jpg 58,245,88,279,5 352,195,377,225,4 181,59,208,90,4 
./data/dataset/train/194.jpg 3,166,26,201,9 134,260,162,293,2 359,98,387,131,9 
./data/dataset/train/195.jpg 134,236,165,268,9 10,338,38,368,2 61,50,90,103,8 301,126,340,198,4 
./data/dataset/train/196.jpg 82,63,120,134,3 250,208,305,262,3 372,164,399,193,5 
./data/dataset/train/197.jpg 24,258,48,284,8 230,172,252,206,7 180,306,197,355,3 65,371,85,395,8 
./data/dataset/train/198.jpg 23,197,49,241,3 168,343,192,368,8 217,20,258,55,9 
./data/dataset/train/199.jpg 170,288,189,332,5 250,41,280,84,4 304,243,329,269,5 209,347,243,392,6 45,160,77,216,2 
./data/dataset/train/200.jpg 372,74,410,116,8 87,268,113,292,3 6,365,49,412,9 
./data/dataset/train/201.jpg 329,165,353,211,2 6,331,40,373,1 112,236,132,283,5 274,88,306,126,5 
./data/dataset/train/202.jpg 125,155,157,195,9 324,233,340,268,3 43,57,73,91,4 
./data/dataset/train/203.jpg 22,133,56,166,4 356,366,383,391,5 250,321,276,343,9 297,9,334,65,8 
./data/dataset/train/204.jpg 317,75,373,113,5 129,254,171,301,6 54,1,114,50,9 
./data/dataset/train/205.jpg 240,73,273,123,6 366,243,384,284,8 281,288,311,331,5 85,165,110,201,2 
./data/dataset/train/206.jpg 233,165,275,241,1 299,289,331,336,7 36,19,73,51,8 
./data/dataset/train/207.jpg 122,198,155,240,6 293,102,319,146,6 249,150,280,192,2 212,355,232,385,7 357,13,397,49,8 
./data/dataset/train/208.jpg 135,0,174,59,1 89,331,120,355,9 0,290,25,318,6 331,213,366,262,5 
./data/dataset/train/209.jpg 161,237,194,262,8 3,169,36,217,8 234,135,259,163,1 38,283,68,334,7 
./data/dataset/train/210.jpg 40,16,73,52,4 366,191,397,257,8 9,293,35,322,6 237,258,255,291,6 
./data/dataset/train/211.jpg 227,331,264,371,9 152,83,185,120,3 292,277,329,316,4 27,35,54,75,1 
./data/dataset/train/212.jpg 217,305,241,339,6 251,49,281,110,4 107,122,150,166,4 325,352,374,412,8 
./data/dataset/train/213.jpg 241,42,277,75,3 97,166,136,210,3 153,128,175,165,5 51,341,76,374,6 
./data/dataset/train/214.jpg 21,135,52,178,3 310,85,366,123,2 372,323,394,365,6 255,2,290,41,2 
./data/dataset/train/215.jpg 240,342,267,392,1 85,34,106,65,7 219,94,239,139,5 336,197,366,237,9 139,268,176,295,1 
./data/dataset/train/216.jpg 307,282,324,328,9 225,336,262,391,2 8,246,35,274,1 63,81,85,109,1 
./data/dataset/train/217.jpg 63,292,88,329,1 128,332,153,368,2 202,76,240,122,1 
./data/dataset/train/218.jpg 16,358,50,386,6 132,53,187,101,5 255,164,277,215,2 
./data/dataset/train/219.jpg 264,158,284,207,8 131,104,155,147,1 322,44,359,70,6 57,334,85,376,9 
./data/dataset/train/220.jpg 82,221,100,266,9 128,83,150,124,8 354,355,397,415,8 240,37,263,73,6 
./data/dataset/train/221.jpg 5,40,36,105,1 197,243,228,276,2 83,366,103,407,5 144,164,177,197,6 371,284,412,324,8 
./data/dataset/train/222.jpg 214,180,241,210,1 311,30,335,69,7 45,135,78,179,6 
./data/dataset/train/223.jpg 29,25,76,81,1 212,166,232,203,8 249,272,302,320,9 
./data/dataset/train/224.jpg 115,327,140,368,3 341,42,386,84,1 153,163,184,203,4 
./data/dataset/train/225.jpg 205,343,235,387,7 295,74,321,96,7 
./data/dataset/train/226.jpg 235,106,260,142,3 43,329,70,363,2 0,46,29,78,6 92,217,116,244,7 
./data/dataset/train/227.jpg 288,45,314,106,1 129,229,163,256,6 176,157,213,206,7 327,331,353,377,2 
./data/dataset/train/228.jpg 103,99,120,126,9 251,6,304,71,7 21,244,44,275,4 323,303,343,345,3 
./data/dataset/train/229.jpg 163,250,198,278,3 352,64,371,114,5 327,123,350,157,4 
./data/dataset/train/230.jpg 226,74,248,121,2 97,193,139,223,3 379,348,410,387,7 290,288,335,329,7 
./data/dataset/train/231.jpg 63,361,98,385,6 224,124,247,146,6 300,188,336,217,5 127,278,163,315,1 167,5,195,58,5 
./data/dataset/train/232.jpg 142,344,171,384,3 63,196,86,241,3 114,121,140,159,2 13,2,44,39,1 259,300,294,342,2 
./data/dataset/train/233.jpg 328,42,392,105,3 137,124,161,173,4 222,16,246,40,8 
./data/dataset/train/234.jpg 279,116,328,178,2 177,353,211,387,2 42,56,64,103,4 
./data/dataset/train/235.jpg 308,137,339,173,1 39,297,70,333,7 195,30,236,69,6 9,229,33,268,5 
./data/dataset/train/236.jpg 234,40,256,81,8 135,344,174,372,2 12,246,37,277,9 80,112,106,150,9 272,190,302,231,5 
./data/dataset/train/237.jpg 181,368,213,399,7 94,279,119,324,1 306,144,336,175,8 359,17,398,54,7 
./data/dataset/train/238.jpg 235,190,266,222,6 324,0,348,37,6 14,226,44,270,9 
./data/dataset/train/239.jpg 26,377,59,415,6 73,19,113,90,2 275,291,295,328,5 321,196,352,223,9 
./data/dataset/train/240.jpg 185,77,226,124,9 60,322,92,370,2 317,245,370,301,2 
./data/dataset/train/241.jpg 125,129,183,185,7 298,17,333,47,4 84,266,105,301,5 
./data/dataset/train/242.jpg 312,131,336,171,6 388,11,415,37,4 146,324,176,356,3 64,59,96,89,3 
./data/dataset/train/243.jpg 134,225,186,292,2 284,166,312,197,8 321,320,385,385,8 
./data/dataset/train/244.jpg 15,49,44,105,5 292,361,312,409,4 181,265,209,317,4 92,0,113,35,3 
./data/dataset/train/245.jpg 0,134,28,178,5 159,22,199,63,2 211,247,242,293,3 119,182,152,221,1 256,353,278,384,9 
./data/dataset/train/246.jpg 73,367,94,408,6 375,114,409,161,2 124,40,166,99,7 207,262,232,325,6 
./data/dataset/train/247.jpg 292,102,314,140,9 158,203,223,263,4 344,29,377,67,2 
./data/dataset/train/248.jpg 294,39,333,88,4 24,109,47,143,4 336,253,365,294,9 145,149,168,182,2 
./data/dataset/train/249.jpg 298,146,340,207,4 160,251,209,289,9 107,53,135,92,6 
./data/dataset/train/250.jpg 247,243,287,281,8 319,148,346,188,8 148,309,201,376,2 
./data/dataset/train/251.jpg 272,294,304,350,8 108,97,143,145,6 32,198,55,242,6 360,26,378,61,5 
./data/dataset/train/252.jpg 151,329,177,378,1 308,104,338,152,7 273,292,307,321,7 126,180,144,218,6 
./data/dataset/train/253.jpg 295,312,328,340,9 145,343,193,390,9 2,231,44,265,7 
./data/dataset/train/254.jpg 60,312,103,354,2 125,359,147,409,7 312,58,329,98,2 255,14,292,49,1 
./data/dataset/train/255.jpg 337,356,366,400,6 249,325,281,349,3 179,226,213,278,2 
./data/dataset/train/256.jpg 281,261,315,317,8 67,349,98,393,5 104,122,138,175,3 
./data/dataset/train/257.jpg 45,14,81,65,6 283,339,316,384,6 141,218,178,255,7 
./data/dataset/train/258.jpg 359,293,384,350,2 230,196,246,222,2 151,90,173,141,9 
./data/dataset/train/259.jpg 187,76,207,115,2 86,358,124,396,8 282,214,319,248,6 359,18,384,49,3 
./data/dataset/train/260.jpg 188,130,224,177,4 38,321,69,380,9 137,79,170,115,2 
./data/dataset/train/261.jpg 220,368,274,408,4 80,128,111,164,8 287,166,308,197,2 335,306,361,340,1 
./data/dataset/train/262.jpg 252,180,296,249,8 370,384,389,409,8 327,4,348,51,7 146,267,175,307,7 200,128,236,158,7 
./data/dataset/train/263.jpg 241,302,274,334,2 172,86,206,138,5 135,27,164,52,3 
./data/dataset/train/264.jpg 108,92,140,153,4 380,182,411,208,5 326,253,364,293,5 
./data/dataset/train/265.jpg 136,152,175,213,3 218,286,244,316,1 179,71,206,106,4 
./data/dataset/train/266.jpg 353,369,387,404,2 25,32,55,77,8 156,214,216,262,9 
./data/dataset/train/267.jpg 273,16,309,52,7 52,310,76,341,5 143,177,161,225,3 372,99,412,131,6 
./data/dataset/train/268.jpg 79,122,107,170,8 38,42,76,98,2 120,334,138,363,8 250,175,306,223,8 
./data/dataset/train/269.jpg 339,87,364,135,9 218,225,243,262,1 4,51,25,78,9 42,17,69,50,3 
./data/dataset/train/270.jpg 362,268,394,335,8 310,208,341,246,1 209,67,230,124,9 
./data/dataset/train/271.jpg 351,362,377,413,6 32,64,70,95,3 180,202,214,234,4 
./data/dataset/train/272.jpg 143,111,180,149,7 311,17,342,63,8 103,215,141,272,2 
./data/dataset/train/273.jpg 216,250,258,320,1 85,355,106,381,3 344,143,391,190,9 24,26,43,82,3 
./data/dataset/train/274.jpg 229,265,269,300,2 16,329,59,369,3 339,65,375,108,3 117,132,141,179,5 
./data/dataset/train/275.jpg 210,320,242,349,6 372,230,397,272,2 117,68,145,119,3 151,23,180,49,1 
./data/dataset/train/276.jpg 209,45,235,86,2 93,231,127,271,4 54,3,84,39,5 263,303,302,356,7 
./data/dataset/train/277.jpg 104,2,132,48,5 39,171,66,200,4 238,282,273,316,1 144,91,169,133,4 
./data/dataset/train/278.jpg 46,233,75,284,2 257,353,286,402,1 92,28,136,63,3 
./data/dataset/train/279.jpg 291,108,327,150,5 15,319,52,375,9 207,272,226,301,7 150,14,185,45,8 
./data/dataset/train/280.jpg 213,110,240,169,9 319,207,352,252,8 119,173,144,203,2 249,274,274,300,2 
./data/dataset/train/281.jpg 320,126,358,171,1 247,0,271,31,6 45,90,79,120,5 134,327,154,353,2 
./data/dataset/train/282.jpg 142,63,183,108,7 97,290,118,334,3 222,206,243,233,7 
./data/dataset/train/283.jpg 320,3,357,64,7 235,214,257,242,9 376,181,410,207,4 
./data/dataset/train/284.jpg 253,108,280,153,6 78,203,118,270,7 349,316,404,359,7 165,380,195,409,4 
./data/dataset/train/285.jpg 226,23,265,69,4 97,226,135,261,9 338,186,366,222,3 136,132,166,167,4 
./data/dataset/train/286.jpg 8,303,47,345,9 313,26,354,60,3 203,224,231,288,8 236,153,260,210,2 
./data/dataset/train/287.jpg 121,44,171,104,8 39,159,59,193,3 334,273,362,316,2 73,371,98,412,5 
./data/dataset/train/288.jpg 192,203,218,243,4 318,89,371,157,2 
./data/dataset/train/289.jpg 185,191,239,233,1 311,94,347,120,3 10,283,38,323,7 139,54,175,89,9 243,335,282,381,3 
./data/dataset/train/290.jpg 54,255,78,306,1 168,39,197,85,8 260,140,286,190,9 288,369,309,405,8 
./data/dataset/train/291.jpg 360,352,397,395,1 78,291,117,320,6 144,71,177,125,6 
./data/dataset/train/292.jpg 75,233,104,274,6 135,343,180,376,4 203,164,248,210,7 
./data/dataset/train/293.jpg 70,113,112,179,2 171,214,231,267,8 361,270,390,305,8 
./data/dataset/train/294.jpg 241,158,273,187,1 75,327,107,370,2 117,245,146,274,4 292,17,325,43,9 173,290,216,324,4 
./data/dataset/train/295.jpg 18,133,71,169,5 95,245,126,286,1 342,330,377,372,8 
./data/dataset/train/296.jpg 66,77,88,103,8 234,148,252,198,8 279,28,299,58,1 359,262,379,301,8 
./data/dataset/train/297.jpg 34,103,55,151,1 197,350,229,387,8 116,295,152,347,8 353,194,393,232,2 
./data/dataset/train/298.jpg 228,29,280,67,8 47,148,108,220,5 189,348,227,375,3 
./data/dataset/train/299.jpg 200,133,223,168,1 308,171,330,205,6 81,67,125,111,4 227,33,248,66,5 29,363,57,406,2 279,287,300,323,9 
./data/dataset/train/300.jpg 200,34,230,73,4 30,181,60,221,4 75,301,92,331,8 295,75,337,121,6 
./data/dataset/train/301.jpg 351,3,383,32,2 226,46,273,116,6 32,231,58,271,2 
./data/dataset/train/302.jpg 38,177,75,218,1 109,321,165,366,6 337,222,364,257,4 277,45,312,88,2 
./data/dataset/train/303.jpg 366,29,394,77,6 272,98,308,149,7 14,353,39,379,1 43,181,77,213,8 
./data/dataset/train/304.jpg 286,337,326,371,2 360,162,397,198,8 63,36,89,86,3 
./data/dataset/train/305.jpg 251,76,274,113,3 111,5,141,51,9 299,274,323,306,9 175,134,202,187,5 
./data/dataset/train/306.jpg 77,76,113,116,7 172,24,210,66,8 35,143,53,178,4 
./data/dataset/train/307.jpg 367,288,403,316,1 275,35,311,82,3 71,237,103,279,4 
./data/dataset/train/308.jpg 153,361,175,407,5 226,102,288,144,9 82,333,115,359,7 
./data/dataset/train/309.jpg 18,36,62,86,2 345,97,395,151,4 110,203,137,247,7 233,317,269,348,1 
./data/dataset/train/310.jpg 93,258,121,300,8 367,210,400,255,1 323,136,349,180,4 268,330,314,387,8 
./data/dataset/train/311.jpg 162,203,184,228,9 203,88,236,157,6 332,306,375,341,3 
./data/dataset/train/312.jpg 286,228,319,279,8 81,284,105,328,4 163,132,193,161,9 221,347,246,379,4 
./data/dataset/train/313.jpg 108,370,143,406,6 163,164,201,203,7 66,269,91,325,9 299,82,327,119,1 
./data/dataset/train/314.jpg 218,130,242,162,1 106,235,144,267,4 283,65,309,107,4 74,319,102,365,1 34,177,63,213,9 245,270,267,309,1 
./data/dataset/train/315.jpg 283,167,336,225,2 83,384,113,412,7 347,109,370,143,8 237,313,269,349,3 
./data/dataset/train/316.jpg 149,76,171,121,4 35,252,79,295,4 356,372,387,409,2 
./data/dataset/train/317.jpg 168,204,220,255,6 114,67,152,138,6 331,307,386,372,9 
./data/dataset/train/318.jpg 9,320,37,367,8 180,133,213,191,4 221,222,265,272,9 
./data/dataset/train/319.jpg 59,149,90,197,6 271,49,296,78,6 211,102,244,147,6 103,226,129,274,4 7,340,42,369,9 
./data/dataset/train/320.jpg 276,301,306,333,3 116,237,157,275,2 369,54,391,100,8 
./data/dataset/train/321.jpg 201,281,225,322,4 98,21,127,48,8 366,366,395,409,5 157,54,187,105,4 
./data/dataset/train/322.jpg 86,38,117,85,8 250,265,298,298,5 168,318,196,364,1 
./data/dataset/train/323.jpg 6,203,29,234,3 180,282,221,326,2 385,149,406,178,6 298,74,331,101,5 
./data/dataset/train/324.jpg 242,154,272,204,2 165,73,202,117,5 9,264,44,317,8 
./data/dataset/train/325.jpg 178,273,230,340,9 273,190,326,257,7 55,129,76,169,3 13,64,39,98,1 
./data/dataset/train/326.jpg 103,268,138,307,9 142,7,169,47,1 14,56,46,83,7 273,231,306,260,4 228,181,251,230,7 
./data/dataset/train/327.jpg 106,69,128,98,2 144,171,166,203,7 241,261,274,298,3 325,342,347,380,7 
./data/dataset/train/328.jpg 280,164,306,188,7 9,95,29,134,4 334,227,363,267,3 178,333,214,376,5 
./data/dataset/train/329.jpg 2,1,31,52,5 298,228,342,296,6 374,299,408,331,2 53,61,91,99,5 
./data/dataset/train/330.jpg 7,215,39,249,3 107,24,145,60,6 369,359,387,400,7 
./data/dataset/train/331.jpg 291,18,331,63,2 125,138,163,165,5 176,270,215,303,4 341,201,365,241,5 246,326,289,358,4 
./data/dataset/train/332.jpg 283,262,307,302,4 128,84,153,124,2 32,351,75,415,9 
./data/dataset/train/333.jpg 33,137,65,164,2 310,166,340,212,2 351,6,396,57,6 124,304,157,332,8 
./data/dataset/train/334.jpg 231,348,257,376,7 74,70,98,121,1 359,242,380,268,5 37,5,57,50,8 
./data/dataset/train/335.jpg 7,286,40,317,3 73,239,108,283,9 183,391,220,415,1 
./data/dataset/train/336.jpg 368,213,395,259,2 317,276,357,337,1 170,79,216,139,7 110,143,140,190,9 46,358,66,390,4 
./data/dataset/train/337.jpg 363,125,387,179,9 178,281,202,330,6 116,234,141,262,5 298,196,325,223,4 46,340,77,380,8 
./data/dataset/train/338.jpg 358,84,395,114,9 30,234,70,283,3 198,370,222,406,1 266,294,284,333,8 124,160,168,207,7 
./data/dataset/train/339.jpg 305,242,334,281,5 375,32,395,57,5 252,148,281,180,4 75,183,113,227,9 
./data/dataset/train/340.jpg 25,160,55,213,2 363,215,399,262,3 310,298,348,343,4 76,380,105,407,3 
./data/dataset/train/341.jpg 2,30,42,70,8 136,93,155,135,5 58,154,92,197,6 190,268,235,310,9 
./data/dataset/train/342.jpg 55,309,120,353,3 337,39,366,83,9 7,163,40,193,3 
./data/dataset/train/343.jpg 100,328,133,356,6 164,227,229,269,1 349,87,372,114,1 
./data/dataset/train/344.jpg 301,350,330,388,8 200,96,253,159,5 33,255,66,295,5 
./data/dataset/train/345.jpg 245,228,271,280,5 155,1,185,38,4 381,178,405,223,9 43,326,92,372,8 283,112,321,164,5 
./data/dataset/train/346.jpg 81,211,105,262,8 31,315,72,357,4 182,105,215,135,2 
./data/dataset/train/347.jpg 205,173,238,216,3 125,228,164,264,7 255,332,282,367,9 348,121,376,166,9 
./data/dataset/train/348.jpg 378,269,405,322,2 191,42,217,87,9 95,362,122,387,3 244,131,273,178,8 141,5,178,32,6 
./data/dataset/train/349.jpg 159,69,184,98,5 281,1,303,36,8 111,347,141,373,2 309,171,349,208,1 
./data/dataset/train/350.jpg 125,202,149,233,7 180,27,198,57,3 246,160,273,195,1 208,298,241,341,2 
./data/dataset/train/351.jpg 61,195,91,228,9 296,268,353,324,7 31,110,49,141,9 257,166,294,188,1 
./data/dataset/train/352.jpg 35,20,58,63,6 143,274,182,334,2 289,148,319,177,4 368,349,410,391,8 
./data/dataset/train/353.jpg 278,151,315,205,2 19,229,46,268,9 319,278,345,319,9 162,350,185,387,7 
./data/dataset/train/354.jpg 301,269,328,311,3 180,167,204,215,4 99,71,138,109,8 
./data/dataset/train/355.jpg 194,20,248,74,6 375,160,397,184,2 285,94,302,131,7 48,251,95,309,8 
./data/dataset/train/356.jpg 172,231,208,263,9 351,28,389,75,3 18,147,54,192,8 309,301,337,357,9 
./data/dataset/train/357.jpg 84,53,116,124,1 366,326,406,366,2 194,235,224,275,1 
./data/dataset/train/358.jpg 133,329,155,374,5 77,196,104,224,6 191,31,220,74,4 
./data/dataset/train/359.jpg 142,160,174,231,9 303,85,337,128,7 49,33,109,81,8 
./data/dataset/train/360.jpg 317,72,349,122,3 377,352,415,395,5 57,264,92,294,1 135,197,179,234,7 
./data/dataset/train/361.jpg 325,188,373,230,5 210,96,239,129,1 7,154,43,181,1 
./data/dataset/train/362.jpg 5,246,23,298,6 337,83,381,141,7 162,24,191,71,3 
./data/dataset/train/363.jpg 103,213,150,257,4 64,7,102,46,1 297,159,334,189,1 230,294,261,332,7 
./data/dataset/train/364.jpg 156,126,212,171,1 297,25,319,77,4 30,255,66,285,4 363,328,392,369,7 
./data/dataset/train/365.jpg 69,349,116,407,8 168,93,191,124,6 120,284,146,317,9 208,145,245,194,5 357,201,388,227,2 
./data/dataset/train/366.jpg 151,56,176,82,2 288,293,313,330,9 365,236,391,272,7 245,3,270,39,8 
./data/dataset/train/367.jpg 71,364,97,395,8 355,298,396,338,5 204,223,242,264,1 252,107,292,137,8 
./data/dataset/train/368.jpg 218,125,258,167,7 147,358,171,390,1 387,206,406,241,4 
./data/dataset/train/369.jpg 380,218,407,253,5 2,331,37,368,8 146,144,176,191,1 184,61,212,111,5 
./data/dataset/train/370.jpg 369,272,402,336,6 60,353,89,400,2 314,147,345,197,5 
./data/dataset/train/371.jpg 346,55,387,118,3 22,122,55,198,9 268,314,290,347,3 234,357,259,383,3 
./data/dataset/train/372.jpg 360,355,392,402,3 241,88,286,142,2 312,260,349,297,5 47,158,68,193,8 
./data/dataset/train/373.jpg 348,134,382,163,3 114,30,139,80,7 280,344,311,404,6 
./data/dataset/train/374.jpg 0,290,36,346,5 102,34,149,71,1 221,359,242,385,8 41,176,83,221,4 288,223,313,256,9 
./data/dataset/train/375.jpg 328,158,371,223,1 174,102,206,156,9 63,34,85,68,8 
./data/dataset/train/376.jpg 209,374,235,400,3 56,59,106,109,5 294,169,316,212,1 122,15,153,49,2 
./data/dataset/train/377.jpg 151,291,191,323,1 374,158,407,204,6 261,375,299,410,5 123,24,150,61,9 
./data/dataset/train/378.jpg 165,82,194,112,2 212,226,248,284,7 56,373,86,404,7 
./data/dataset/train/379.jpg 334,334,365,360,4 86,86,125,126,5 374,151,405,196,7 
./data/dataset/train/380.jpg 322,58,341,103,1 214,109,236,154,3 166,208,186,232,7 
./data/dataset/train/381.jpg 147,14,181,77,3 25,227,49,275,8 323,297,349,324,7 218,189,244,218,3 351,92,389,155,9 
./data/dataset/train/382.jpg 360,59,404,135,8 154,318,187,372,5 293,144,326,170,4 
./data/dataset/train/383.jpg 350,99,378,127,6 186,201,214,257,1 127,288,144,324,1 265,364,300,390,6 0,44,26,87,8 
./data/dataset/train/384.jpg 267,41,303,84,4 14,155,37,203,1 346,234,370,259,6 139,376,161,408,5 
./data/dataset/train/385.jpg 12,227,39,276,8 190,41,233,90,7 256,352,323,392,7 377,138,398,177,6 
./data/dataset/train/386.jpg 261,155,297,181,9 299,230,329,265,2 72,298,100,325,9 204,375,232,405,7 
./data/dataset/train/387.jpg 188,313,219,353,9 141,366,175,395,1 20,52,46,84,8 67,110,106,152,4 
./data/dataset/train/388.jpg 232,282,269,319,8 211,366,231,402,8 62,46,92,76,6 19,0,43,30,1 351,224,375,264,2 
./data/dataset/train/389.jpg 159,149,193,178,3 55,46,102,106,2 349,221,368,264,1 
./data/dataset/train/390.jpg 42,52,60,82,2 177,101,212,148,4 345,371,376,415,9 
./data/dataset/train/391.jpg 243,226,263,277,1 63,63,119,131,2 163,153,201,191,2 307,286,344,343,7 
./data/dataset/train/392.jpg 197,219,229,266,4 79,66,112,122,6 13,309,69,351,5 301,16,320,59,1 
./data/dataset/train/393.jpg 247,323,273,371,9 32,106,77,141,8 163,184,196,229,8 204,11,228,60,6 346,241,367,275,3 
./data/dataset/train/394.jpg 350,205,374,247,3 65,91,88,140,5 246,335,273,364,2 190,8,216,30,5 
./data/dataset/train/395.jpg 96,277,138,341,2 29,5,60,38,6 323,156,349,210,2 276,344,315,393,2 
./data/dataset/train/396.jpg 148,4,181,47,4 62,253,86,288,9 345,198,368,223,6 314,328,344,354,6 
./data/dataset/train/397.jpg 386,337,412,366,9 330,164,357,190,4 240,92,265,130,4 111,247,155,292,7 
./data/dataset/train/398.jpg 228,229,261,274,4 57,53,101,99,4 24,307,46,357,6 
./data/dataset/train/399.jpg 359,335,398,377,6 17,236,48,294,2 229,41,279,87,8 
./data/dataset/train/400.jpg 62,229,82,270,7 114,40,130,90,1 14,316,35,347,4 219,275,255,306,5 
./data/dataset/train/401.jpg 100,319,148,358,4 353,201,383,227,3 151,70,177,108,5 257,120,295,181,3 331,251,352,303,6 
./data/dataset/train/402.jpg 213,276,236,322,3 111,339,145,364,1 361,110,381,146,1 261,380,285,411,2 
./data/dataset/train/403.jpg 68,9,105,65,9 219,336,243,385,3 277,135,302,164,3 308,298,333,335,7 191,222,215,256,6 
./data/dataset/train/404.jpg 81,373,114,404,7 51,261,77,306,4 317,177,341,224,8 136,226,160,255,8 180,311,213,343,4 
./data/dataset/train/405.jpg 82,64,103,102,6 211,198,243,228,1 244,367,282,409,2 381,108,401,164,4 137,252,169,286,9 
./data/dataset/train/406.jpg 32,322,67,346,7 102,173,134,232,8 294,233,322,264,1 157,10,187,38,9 
./data/dataset/train/407.jpg 289,213,344,271,1 117,91,151,127,5 15,163,36,204,9 172,53,198,90,8 
./data/dataset/train/408.jpg 259,33,297,57,5 11,229,44,274,1 72,173,105,216,6 
./data/dataset/train/409.jpg 181,43,217,72,6 333,82,365,132,3 17,274,47,303,4 291,172,308,217,1 
./data/dataset/train/410.jpg 353,42,391,78,1 183,170,203,218,9 286,251,311,276,8 
./data/dataset/train/411.jpg 183,348,209,385,3 363,193,395,225,6 338,30,358,76,6 235,128,263,171,9 
./data/dataset/train/412.jpg 83,357,103,387,2 140,53,168,108,7 29,284,50,317,1 
./data/dataset/train/413.jpg 57,334,94,360,6 261,218,301,250,1 342,271,370,308,5 
./data/dataset/train/414.jpg 246,242,263,273,7 137,60,175,103,9 280,310,298,362,6 
./data/dataset/train/415.jpg 63,260,123,307,6 373,38,405,88,5 332,162,367,192,8 197,309,228,338,7 
./data/dataset/train/416.jpg 335,253,370,304,1 120,316,153,363,9 209,111,247,158,2 3,174,30,201,3 
./data/dataset/train/417.jpg 351,0,370,38,6 224,186,244,233,1 169,298,194,329,2 36,367,74,403,1 112,75,136,116,7 
./data/dataset/train/418.jpg 86,105,148,165,2 321,283,346,322,3 261,239,290,274,4 181,15,213,59,3 
./data/dataset/train/419.jpg 233,139,277,206,3 142,15,167,55,8 355,264,398,331,4 0,64,24,101,7 
./data/dataset/train/420.jpg 208,276,258,343,7 4,128,35,177,5 296,22,323,57,8 57,204,80,240,7 
./data/dataset/train/421.jpg 372,295,402,345,4 35,50,72,111,4 254,122,292,155,1 200,220,229,262,7 
./data/dataset/train/422.jpg 227,28,255,73,2 312,196,348,239,3 14,78,63,148,2 71,160,104,192,6 
./data/dataset/train/423.jpg 203,105,245,139,9 336,274,368,305,6 68,180,101,217,2 
./data/dataset/train/424.jpg 164,297,189,327,1 236,249,258,289,3 54,59,87,91,9 
./data/dataset/train/425.jpg 303,42,330,90,6 93,235,113,274,3 27,353,63,385,2 
./data/dataset/train/426.jpg 300,292,320,333,9 241,191,266,223,4 160,95,197,139,3 128,353,159,376,4 
./data/dataset/train/427.jpg 257,338,297,374,2 182,117,206,149,7 208,377,246,408,6 107,254,151,310,4 20,58,45,86,8 
./data/dataset/train/428.jpg 193,162,220,192,4 222,354,261,396,3 146,52,166,102,2 280,230,317,302,1 17,108,60,143,4 
./data/dataset/train/429.jpg 206,204,228,230,9 73,151,103,189,6 331,267,353,295,9 147,23,178,74,8 
./data/dataset/train/430.jpg 340,157,369,211,7 51,107,80,147,6 18,254,38,288,7 218,317,242,364,3 
./data/dataset/train/431.jpg 13,333,33,362,1 272,287,322,324,8 72,235,109,279,1 323,1,363,35,5 
./data/dataset/train/432.jpg 122,229,151,259,4 184,139,239,188,6 362,315,396,365,1 
./data/dataset/train/433.jpg 188,189,235,241,4 104,272,122,313,5 287,367,323,394,1 248,115,275,174,4 
./data/dataset/train/434.jpg 9,225,47,256,4 121,60,152,94,7 215,377,239,413,9 291,319,324,351,2 82,167,100,223,7 181,19,210,55,6 
./data/dataset/train/435.jpg 253,124,281,151,2 28,180,65,220,7 163,43,187,75,6 331,353,366,392,4 
./data/dataset/train/436.jpg 94,5,114,32,7 249,123,270,161,4 150,42,177,84,2 317,345,343,395,3 
./data/dataset/train/437.jpg 318,75,364,118,3 276,172,310,211,3 85,226,106,261,8 130,286,160,320,2 216,340,241,374,1 3,4,33,39,7 
./data/dataset/train/438.jpg 171,303,201,365,9 128,167,159,206,7 240,43,275,77,7 5,104,36,142,2 
./data/dataset/train/439.jpg 171,311,192,341,7 107,81,159,135,6 390,219,412,255,3 73,167,103,191,4 
./data/dataset/train/440.jpg 190,246,231,284,3 152,200,186,240,2 44,330,74,374,1 324,56,346,84,1 11,117,30,159,2 
./data/dataset/train/441.jpg 101,251,135,280,8 343,132,374,177,8 303,193,325,224,6 
./data/dataset/train/442.jpg 275,82,309,133,2 89,379,110,405,6 220,319,274,357,4 342,252,376,289,5 
./data/dataset/train/443.jpg 61,61,81,104,3 329,330,357,387,6 147,4,178,32,7 
./data/dataset/train/444.jpg 296,120,344,165,4 244,334,277,383,5 346,227,389,259,8 
./data/dataset/train/445.jpg 349,146,395,191,8 287,205,304,246,4 81,81,106,120,1 152,272,187,328,8 
./data/dataset/train/446.jpg 231,116,258,161,4 52,229,83,277,6 338,166,376,210,1 299,323,331,358,9 
./data/dataset/train/447.jpg 230,142,253,172,1 79,173,110,200,4 38,289,76,313,5 194,213,221,273,7 3,8,24,32,2 
./data/dataset/train/448.jpg 136,156,176,183,9 54,258,76,295,9 273,81,301,127,4 180,18,200,48,3 341,368,362,410,5 
./data/dataset/train/449.jpg 368,340,413,376,4 20,176,48,216,1 188,81,222,114,6 
./data/dataset/train/450.jpg 194,100,246,143,4 68,343,91,371,1 148,157,185,199,9 318,300,351,329,5 
./data/dataset/train/451.jpg 207,274,252,341,3 119,2,138,33,3 349,140,377,174,4 
./data/dataset/train/452.jpg 109,32,131,84,8 315,153,339,187,2 162,91,200,144,4 206,328,227,360,1 
./data/dataset/train/453.jpg 383,317,411,374,7 139,75,161,127,3 217,169,248,205,1 
./data/dataset/train/454.jpg 289,233,320,264,1 53,108,82,139,5 240,305,276,338,6 
./data/dataset/train/455.jpg 215,371,249,412,8 32,276,59,321,9 335,46,354,92,8 114,108,150,145,2 
./data/dataset/train/456.jpg 238,39,272,100,9 323,247,363,287,5 81,122,115,152,9 
./data/dataset/train/457.jpg 281,287,318,343,2 66,344,83,387,5 339,124,358,162,7 13,71,34,103,2 
./data/dataset/train/458.jpg 15,212,40,264,3 131,8,167,39,4 306,163,335,199,2 71,293,98,322,1 262,346,305,400,5 179,124,198,155,7 
./data/dataset/train/459.jpg 360,243,387,282,6 56,129,86,185,6 326,27,359,68,9 14,292,48,320,7 241,81,276,121,1 
./data/dataset/train/460.jpg 334,287,378,327,6 273,128,293,166,3 98,177,165,233,6 
./data/dataset/train/461.jpg 330,192,360,235,5 135,118,195,162,9 24,32,62,63,9 
./data/dataset/train/462.jpg 254,353,277,406,2 367,135,392,167,2 310,91,335,122,3 1,174,38,203,3 
./data/dataset/train/463.jpg 58,118,101,171,5 343,9,396,53,8 241,282,274,336,1 
./data/dataset/train/464.jpg 111,347,140,394,6 258,247,305,315,8 364,67,390,118,9 307,16,337,52,2 
./data/dataset/train/465.jpg 340,61,362,107,4 222,370,282,410,3 375,197,401,244,9 
./data/dataset/train/466.jpg 192,138,226,168,4 105,216,136,254,1 2,69,34,114,5 
./data/dataset/train/467.jpg 347,281,405,321,8 220,137,237,165,4 102,57,134,101,7 28,229,55,270,8 
./data/dataset/train/468.jpg 372,85,398,112,7 52,294,89,341,6 110,238,146,270,5 311,165,345,204,4 
./data/dataset/train/469.jpg 225,63,262,100,5 14,185,50,228,4 121,305,141,332,9 
./data/dataset/train/470.jpg 327,112,351,147,9 68,273,88,321,6 104,62,133,100,2 191,165,210,213,7 
./data/dataset/train/471.jpg 290,201,316,227,1 257,310,280,349,4 125,86,160,120,2 
./data/dataset/train/472.jpg 291,65,336,125,4 125,288,162,318,7 215,347,255,380,2 258,175,278,215,6 
./data/dataset/train/473.jpg 53,27,89,58,6 331,308,355,359,3 231,117,260,161,6 358,162,380,201,8 104,85,122,116,5 203,241,227,267,3 
./data/dataset/train/474.jpg 180,164,210,214,9 93,107,154,157,9 311,282,336,326,8 53,6,83,42,7 235,352,264,388,2 
./data/dataset/train/475.jpg 127,292,155,324,4 385,243,410,285,5 287,92,309,127,6 230,130,273,178,5 
./data/dataset/train/476.jpg 119,183,165,230,8 73,261,102,285,3 187,318,214,354,1 306,70,343,128,4 35,143,69,177,2 
./data/dataset/train/477.jpg 274,305,305,363,2 368,26,406,54,7 206,201,260,247,8 
./data/dataset/train/478.jpg 50,211,72,239,1 239,11,279,77,7 292,362,337,405,7 126,139,170,187,1 
./data/dataset/train/479.jpg 367,81,398,105,2 11,0,31,30,6 97,186,129,228,3 202,245,255,285,5 326,287,359,337,3 
./data/dataset/train/480.jpg 214,210,236,266,7 365,355,408,390,3 243,14,301,59,9 
./data/dataset/train/481.jpg 219,197,271,239,6 11,17,46,91,8 318,299,342,358,5 
./data/dataset/train/482.jpg 82,366,107,393,6 337,199,367,234,6 293,325,313,353,6 238,253,262,283,3 197,68,216,109,8 
./data/dataset/train/483.jpg 286,71,322,112,3 224,7,256,32,7 163,296,200,352,4 122,199,156,248,8 386,354,413,403,4 
./data/dataset/train/484.jpg 253,242,281,298,5 5,341,39,388,2 97,190,121,227,5 206,34,228,73,4 
./data/dataset/train/485.jpg 129,170,187,226,6 359,242,398,289,1 61,8,92,44,7 202,54,236,87,2 
./data/dataset/train/486.jpg 17,227,54,263,6 81,134,114,173,4 173,379,194,410,6 348,332,379,369,1 
./data/dataset/train/487.jpg 7,72,42,122,5 310,238,339,266,3 232,7,269,61,8 177,312,197,357,8 
./data/dataset/train/488.jpg 378,340,394,392,5 154,281,190,307,8 54,92,80,125,3 308,26,328,69,7 81,197,119,243,1 
./data/dataset/train/489.jpg 310,350,350,401,5 186,269,214,306,7 118,129,147,172,3 379,49,413,93,5 
./data/dataset/train/490.jpg 52,177,78,232,4 298,104,326,149,9 212,70,251,103,2 4,263,49,307,7 131,12,162,44,5 
./data/dataset/train/491.jpg 148,271,172,309,6 29,388,61,415,6 251,38,271,72,2 111,345,133,382,5 
./data/dataset/train/492.jpg 64,202,92,249,8 285,98,315,134,6 16,138,50,196,5 132,64,166,92,5 325,304,350,328,9 
./data/dataset/train/493.jpg 11,196,55,265,1 102,320,140,356,7 385,274,402,316,1 
./data/dataset/train/494.jpg 188,238,218,275,9 108,336,147,371,3 
./data/dataset/train/495.jpg 37,370,59,401,3 118,13,153,55,4 346,133,372,179,8 197,251,219,299,3 
./data/dataset/train/496.jpg 187,45,226,88,9 274,342,308,385,3 335,92,361,140,1 120,149,140,196,4 
./data/dataset/train/497.jpg 250,198,297,258,4 164,6,208,40,3 24,331,70,365,4 82,41,106,67,1 112,370,137,406,8 339,265,356,297,6 
./data/dataset/train/498.jpg 267,215,289,259,8 318,61,348,88,3 62,312,85,339,4 140,152,183,198,2 
./data/dataset/train/499.jpg 379,368,414,395,3 297,26,335,75,6 169,271,191,301,6 
./data/dataset/train/500.jpg 18,337,61,369,8 234,150,252,194,1 345,11,392,63,7 86,200,128,239,7 
./data/dataset/train/501.jpg 359,189,399,231,3 316,37,352,87,5 136,142,173,178,2 5,303,27,331,9 
./data/dataset/train/502.jpg 363,293,412,365,3 192,20,216,49,1 29,212,57,263,3 60,152,81,190,1 283,63,318,112,1 
./data/dataset/train/503.jpg 271,301,303,341,5 231,27,262,78,9 116,342,172,404,2 333,221,355,250,3 
./data/dataset/train/504.jpg 172,342,206,376,3 321,216,346,267,7 34,5,69,43,2 241,285,277,313,2 212,47,236,99,2 
./data/dataset/train/505.jpg 349,200,388,246,6 268,343,298,385,6 150,269,174,312,9 38,65,74,101,9 97,105,114,151,7 
./data/dataset/train/506.jpg 66,131,124,169,4 175,329,233,366,4 277,74,335,130,6 
./data/dataset/train/507.jpg 382,59,400,89,7 256,264,291,303,3 9,214,42,252,9 228,374,250,404,3 
./data/dataset/train/508.jpg 4,19,25,60,3 262,72,295,138,2 301,243,330,305,5 
./data/dataset/train/509.jpg 42,156,64,187,6 238,66,256,104,9 294,207,324,252,5 346,262,378,323,1 
./data/dataset/train/510.jpg 221,113,264,164,6 277,57,316,94,8 65,182,107,228,1 
./data/dataset/train/511.jpg 297,358,334,401,7 170,14,204,66,7 106,117,138,162,2 17,194,39,228,5 
./data/dataset/train/512.jpg 291,269,315,294,9 339,129,381,168,5 150,200,185,266,4 122,13,149,45,9 
./data/dataset/train/513.jpg 314,273,335,307,6 86,338,137,399,8 386,156,408,197,1 254,24,275,54,1 40,71,73,113,8 
./data/dataset/train/514.jpg 15,68,71,104,9 198,215,227,266,2 281,383,310,414,1 
./data/dataset/train/515.jpg 354,44,381,93,6 296,343,335,376,9 217,102,253,160,9 157,220,187,287,5 
./data/dataset/train/516.jpg 101,117,132,158,8 285,258,318,298,9 185,230,216,256,7 343,313,373,348,8 
./data/dataset/train/517.jpg 113,270,146,296,5 176,106,201,154,2 234,40,263,70,4 8,360,50,408,3 
./data/dataset/train/518.jpg 343,217,370,246,8 220,45,262,84,3 175,5,214,36,5 6,124,39,184,9 
./data/dataset/train/519.jpg 344,256,378,325,6 4,36,30,90,8 249,184,281,232,2 
./data/dataset/train/520.jpg 355,260,379,307,3 5,31,38,74,7 155,113,185,148,4 116,357,143,394,4 
./data/dataset/train/521.jpg 126,161,154,206,8 72,83,112,150,8 218,353,244,386,4 
./data/dataset/train/522.jpg 255,95,316,149,7 135,280,188,316,4 11,354,48,389,9 
./data/dataset/train/523.jpg 252,123,273,160,5 38,290,73,320,4 15,239,35,276,4 
./data/dataset/train/524.jpg 142,189,182,234,5 297,28,342,73,1 249,119,275,148,5 63,347,93,379,8 97,312,128,342,1 
./data/dataset/train/525.jpg 18,191,55,238,6 294,8,315,50,2 375,335,401,383,8 147,88,175,123,5 
./data/dataset/train/526.jpg 290,341,319,376,2 224,83,277,120,1 38,245,66,283,4 378,127,410,179,2 344,211,368,241,8 
./data/dataset/train/527.jpg 289,82,328,140,5 40,153,93,215,8 
./data/dataset/train/528.jpg 260,298,309,370,5 338,77,364,125,5 42,189,76,238,9 
./data/dataset/train/529.jpg 229,208,269,274,1 322,100,357,161,4 27,46,55,70,3 60,290,88,340,1 
./data/dataset/train/530.jpg 105,264,138,295,7 189,146,219,189,9 344,345,372,386,7 251,207,281,242,1 
./data/dataset/train/531.jpg 134,108,176,144,2 355,203,381,234,1 223,354,243,396,7 
./data/dataset/train/532.jpg 181,293,203,321,7 0,130,25,173,9 216,38,245,74,8 259,89,283,123,1 147,228,176,269,4 368,364,399,390,6 
./data/dataset/train/533.jpg 21,72,55,107,4 94,377,127,415,9 334,247,368,279,5 277,327,303,364,8 
./data/dataset/train/534.jpg 341,270,369,325,5 271,327,301,378,5 130,20,164,76,5 213,93,241,129,6 
./data/dataset/train/535.jpg 302,178,335,206,2 71,304,95,356,4 154,124,206,177,5 
./data/dataset/train/536.jpg 75,31,108,71,2 207,309,240,355,6 154,189,186,215,5 32,231,56,271,2 
./data/dataset/train/537.jpg 96,189,123,240,4 174,86,202,112,4 226,258,248,291,5 315,129,370,163,1 
./data/dataset/train/538.jpg 191,295,216,329,1 148,178,179,232,9 232,40,253,70,1 
./data/dataset/train/539.jpg 301,312,340,352,4 175,92,242,160,5 73,267,93,309,7 10,199,27,251,3 
./data/dataset/train/540.jpg 191,215,221,260,7 153,115,174,145,4 318,43,339,93,6 56,358,94,414,5 
./data/dataset/train/541.jpg 197,201,231,227,6 22,110,70,176,2 344,373,382,410,6 
./data/dataset/train/542.jpg 358,114,385,142,3 80,75,106,109,9 307,196,356,243,3 236,8,272,39,5 
./data/dataset/train/543.jpg 220,44,242,79,1 105,190,132,248,1 271,367,291,399,3 363,276,390,324,3 
./data/dataset/train/544.jpg 316,110,343,145,2 239,168,272,202,8 165,272,195,300,4 
./data/dataset/train/545.jpg 11,57,37,93,3 131,193,152,229,8 360,154,399,188,3 
./data/dataset/train/546.jpg 320,188,350,216,5 355,21,376,60,1 125,276,159,311,5 211,218,253,250,8 84,99,114,127,2 
./data/dataset/train/547.jpg 259,172,292,200,4 100,232,128,257,2 
./data/dataset/train/548.jpg 318,343,360,399,9 222,136,278,190,5 14,42,48,84,2 
./data/dataset/train/549.jpg 43,2,77,62,3 156,73,178,125,4 354,356,379,395,8 296,217,327,243,3 
./data/dataset/train/550.jpg 32,275,72,302,3 165,244,198,271,6 95,184,125,217,1 346,130,367,173,8 129,351,152,396,2 
./data/dataset/train/551.jpg 263,21,288,55,2 329,264,358,303,9 85,133,112,169,7 208,222,234,256,5 8,330,46,366,1 
./data/dataset/train/552.jpg 178,184,212,212,5 9,111,32,139,1 41,315,69,357,5 142,363,171,402,5 
./data/dataset/train/553.jpg 58,88,94,135,4 124,364,176,403,4 294,174,325,225,7 21,288,51,333,8 
./data/dataset/train/554.jpg 279,265,305,293,3 154,82,173,134,5 2,191,41,218,4 
./data/dataset/train/555.jpg 12,288,45,329,4 311,208,355,278,6 378,332,415,381,6 166,21,200,59,1 
./data/dataset/train/556.jpg 315,165,340,217,8 378,127,415,157,7 98,223,121,268,1 68,374,95,413,7 
./data/dataset/train/557.jpg 242,106,264,147,1 60,152,89,191,6 92,367,112,395,8 309,265,327,303,1 
./data/dataset/train/558.jpg 72,194,132,232,7 133,357,169,413,3 303,248,325,277,5 36,292,64,318,4 
./data/dataset/train/559.jpg 290,324,326,361,7 185,67,206,103,9 53,11,71,52,3 
./data/dataset/train/560.jpg 18,128,50,184,6 79,36,113,108,8 200,221,238,292,4 
./data/dataset/train/561.jpg 242,119,267,154,5 72,294,93,335,5 
./data/dataset/train/562.jpg 62,312,112,351,2 219,154,261,227,2 292,56,309,86,7 
./data/dataset/train/563.jpg 39,122,62,168,7 214,27,251,65,6 355,373,373,412,6 
./data/dataset/train/564.jpg 29,186,83,242,8 295,32,326,86,3 213,109,231,140,9 
./data/dataset/train/565.jpg 281,259,309,306,7 150,92,177,139,5 60,310,90,342,7 
./data/dataset/train/566.jpg 374,231,397,266,6 41,142,79,186,5 275,300,294,337,6 352,43,373,79,2 306,85,327,121,1 
./data/dataset/train/567.jpg 227,164,261,208,2 343,316,376,366,2 168,84,199,119,9 138,13,162,57,5 
./data/dataset/train/568.jpg 243,118,269,161,5 321,294,357,322,9 180,7,209,35,9 68,162,124,200,1 
./data/dataset/train/569.jpg 96,3,124,70,9 317,354,357,397,2 271,162,294,211,5 
./data/dataset/train/570.jpg 356,125,387,179,2 12,255,31,306,9 108,184,133,222,6 
./data/dataset/train/571.jpg 289,41,317,90,6 249,105,287,157,7 58,302,83,352,8 
./data/dataset/train/572.jpg 52,367,70,393,9 342,77,397,146,7 265,198,296,220,3 220,227,263,300,6 
./data/dataset/train/573.jpg 88,276,128,310,4 169,210,196,243,3 306,343,341,382,6 245,116,263,147,1 274,37,295,66,4 
./data/dataset/train/574.jpg 267,14,303,40,3 83,107,114,133,3 38,260,66,297,7 178,337,199,389,7 
./data/dataset/train/575.jpg 200,7,238,41,9 350,82,374,119,5 14,333,45,384,1 377,196,414,240,1 
./data/dataset/train/576.jpg 186,321,224,360,4 287,145,311,172,6 321,50,359,113,9 60,243,101,292,4 
./data/dataset/train/577.jpg 96,43,128,82,7 323,254,351,283,5 232,352,252,377,8 13,184,44,233,1 
./data/dataset/train/578.jpg 282,229,309,259,6 216,80,253,117,2 1,296,51,336,5 96,141,129,176,7 
./data/dataset/train/579.jpg 196,168,216,211,2 374,112,406,144,4 268,264,297,297,8 336,334,361,370,2 91,47,119,74,8 
./data/dataset/train/580.jpg 61,271,81,319,4 333,0,361,45,6 367,74,394,106,1 143,321,177,377,4 
./data/dataset/train/581.jpg 46,210,82,237,7 21,156,41,196,4 359,290,414,330,1 231,72,247,115,4 127,34,164,65,4 
./data/dataset/train/582.jpg 356,334,381,369,7 130,15,170,44,5 217,213,247,265,4 327,48,354,90,4 271,134,315,199,1 
./data/dataset/train/583.jpg 24,164,61,196,8 378,331,404,378,5 203,133,237,160,2 73,286,110,327,7 
./data/dataset/train/584.jpg 120,312,164,342,5 56,208,99,243,8 233,345,273,387,9 300,37,334,107,3 
./data/dataset/train/585.jpg 348,21,393,69,5 59,134,76,181,6 114,203,159,235,5 219,303,257,338,5 
./data/dataset/train/586.jpg 201,330,233,365,1 78,110,112,154,7 379,201,399,251,1 334,260,362,309,2 
./data/dataset/train/587.jpg 47,4,82,41,8 204,295,247,342,4 106,71,128,106,4 
./data/dataset/train/588.jpg 156,134,181,185,1 79,312,116,352,3 383,28,406,54,6 290,78,329,114,1 
./data/dataset/train/589.jpg 280,260,324,320,7 242,121,273,159,1 157,209,183,235,2 
./data/dataset/train/590.jpg 370,47,394,106,5 40,310,61,346,4 153,108,182,138,8 79,352,101,394,4 
./data/dataset/train/591.jpg 353,311,381,357,6 198,234,235,279,8 264,28,295,69,3 
./data/dataset/train/592.jpg 172,307,200,346,2 341,359,401,412,5 253,19,283,41,5 
./data/dataset/train/593.jpg 254,51,280,92,9 353,271,391,303,4 198,105,236,135,1 133,189,164,221,6 
./data/dataset/train/594.jpg 31,25,67,60,7 69,230,99,257,3 325,280,350,328,9 148,347,175,390,6 
./data/dataset/train/595.jpg 247,137,279,168,3 179,94,200,124,4 291,47,327,87,4 28,191,66,240,5 
./data/dataset/train/596.jpg 63,49,96,110,2 105,224,135,258,8 365,260,401,305,5 249,312,267,341,4 298,5,323,48,4 
./data/dataset/train/597.jpg 134,8,155,55,3 239,194,276,237,8 33,139,52,169,8 
./data/dataset/train/598.jpg 140,371,185,414,3 281,179,310,213,7 337,80,357,130,3 55,255,85,293,2 
./data/dataset/train/599.jpg 7,13,42,60,6 343,225,367,284,2 309,113,341,155,2 102,305,137,336,7 
./data/dataset/train/600.jpg 384,17,406,71,9 252,215,287,269,8 29,153,51,190,5 175,311,217,383,8 
./data/dataset/train/601.jpg 27,94,48,150,5 60,258,90,302,3 253,210,286,240,6 288,46,310,79,7 
./data/dataset/train/602.jpg 49,324,92,377,4 160,139,192,177,8 210,275,230,312,4 311,23,354,63,2 370,209,402,258,2 
./data/dataset/train/603.jpg 280,160,309,204,9 151,16,170,66,5 371,306,398,348,8 
./data/dataset/train/604.jpg 287,337,305,379,7 316,51,359,88,3 361,6,390,38,2 237,121,257,151,7 177,252,203,302,1 115,195,143,235,3 
./data/dataset/train/605.jpg 68,236,92,275,6 355,135,389,174,2 141,349,182,394,2 310,278,354,342,8 261,19,299,53,8 
./data/dataset/train/606.jpg 206,337,237,402,1 268,42,300,81,2 315,105,341,162,8 
./data/dataset/train/607.jpg 102,326,138,360,3 288,280,328,322,8 24,169,48,201,9 195,8,227,50,2 
./data/dataset/train/608.jpg 247,38,281,74,7 282,361,318,393,1 129,221,175,258,6 78,145,101,177,2 
./data/dataset/train/609.jpg 217,230,244,260,1 134,122,171,183,6 351,67,392,119,1 105,190,126,216,2 310,347,334,377,1 
./data/dataset/train/610.jpg 350,149,382,181,9 161,239,193,275,1 91,29,117,59,5 240,278,277,322,7 
./data/dataset/train/611.jpg 258,340,283,385,8 165,149,189,196,9 329,108,350,143,9 106,230,148,267,4 
./data/dataset/train/612.jpg 357,254,389,293,8 124,369,145,400,7 250,32,285,66,7 4,175,30,211,9 
./data/dataset/train/613.jpg 137,106,158,155,4 323,239,388,293,3 0,382,30,408,8 108,331,129,381,6 
./data/dataset/train/614.jpg 71,15,89,63,8 150,110,213,154,2 220,278,246,318,5 
./data/dataset/train/615.jpg 157,72,191,123,4 338,157,393,221,5 247,323,280,353,3 74,252,111,292,9 
./data/dataset/train/616.jpg 69,75,108,110,1 30,148,60,177,3 342,257,374,288,2 279,5,310,61,5 
./data/dataset/train/617.jpg 268,269,305,305,8 320,88,344,115,3 91,307,131,358,9 204,15,233,67,4 40,171,72,211,4 
./data/dataset/train/618.jpg 127,152,147,179,6 230,240,249,273,2 355,343,391,406,7 153,111,186,141,9 
./data/dataset/train/619.jpg 248,345,286,378,9 363,144,409,186,8 333,288,356,338,2 
./data/dataset/train/620.jpg 255,375,275,410,1 94,151,142,196,6 58,76,90,115,7 342,239,372,279,4 
./data/dataset/train/621.jpg 375,98,398,131,6 230,152,251,185,7 60,323,88,364,8 122,242,172,305,6 299,25,328,60,9 
./data/dataset/train/622.jpg 86,161,109,194,4 328,113,384,155,8 247,305,274,361,4 
./data/dataset/train/623.jpg 289,288,345,348,2 51,165,91,194,5 221,119,260,148,5 
./data/dataset/train/624.jpg 147,296,167,346,4 174,186,200,238,1 88,0,144,58,4 12,355,37,395,6 
./data/dataset/train/625.jpg 290,246,319,294,7 199,210,227,242,6 93,336,117,372,1 368,80,394,120,6 
./data/dataset/train/626.jpg 370,19,400,62,3 159,274,180,306,2 331,369,358,397,7 14,222,33,256,8 
./data/dataset/train/627.jpg 96,37,123,90,3 55,219,95,250,4 253,111,277,151,3 282,373,315,397,3 
./data/dataset/train/628.jpg 227,339,250,386,3 110,269,129,314,3 362,102,379,134,4 252,1,286,34,5 333,200,358,241,5 
./data/dataset/train/629.jpg 362,170,393,194,5 110,67,147,111,5 262,4,293,52,2 34,211,70,253,4 299,256,332,310,2 
./data/dataset/train/630.jpg 250,260,283,293,1 199,51,231,96,5 13,322,32,365,9 123,132,149,164,1 
./data/dataset/train/631.jpg 300,145,323,188,8 262,91,280,126,2 349,263,371,312,3 59,2,104,58,3 
./data/dataset/train/632.jpg 268,320,304,358,7 307,24,331,52,9 28,103,66,143,4 384,149,403,198,1 231,62,257,95,7 
./data/dataset/train/633.jpg 212,82,231,127,3 308,238,337,285,8 249,152,293,197,6 
./data/dataset/train/634.jpg 382,354,408,382,3 230,312,262,339,5 159,182,189,216,3 288,254,308,308,4 
./data/dataset/train/635.jpg 192,309,226,343,1 384,376,408,413,8 334,49,370,89,5 252,176,285,217,6 
./data/dataset/train/636.jpg 109,370,142,410,6 339,266,371,296,5 45,25,102,81,6 186,155,216,186,1 
./data/dataset/train/637.jpg 52,81,82,109,8 224,289,271,339,3 338,193,366,224,9 367,3,398,33,7 
./data/dataset/train/638.jpg 60,111,88,148,9 171,290,207,322,7 326,199,373,237,3 
./data/dataset/train/639.jpg 10,265,41,319,2 358,381,388,406,3 269,207,322,247,8 227,21,246,66,3 325,100,343,142,2 
./data/dataset/train/640.jpg 227,113,268,164,1 23,352,44,384,7 349,242,384,289,1 178,39,215,84,6 
./data/dataset/train/641.jpg 195,99,224,132,3 269,255,303,287,2 139,17,162,50,3 326,149,358,199,6 364,298,398,348,6 
./data/dataset/train/642.jpg 274,359,327,415,7 162,181,193,219,8 196,116,216,155,8 22,305,54,336,4 
./data/dataset/train/643.jpg 203,58,244,100,4 359,265,377,294,4 55,330,86,355,9 338,152,357,184,8 
./data/dataset/train/644.jpg 195,76,214,105,5 301,315,341,377,1 94,271,120,308,3 44,182,65,228,7 366,133,394,178,9 
./data/dataset/train/645.jpg 102,216,150,262,1 206,332,226,360,8 73,113,93,164,9 
./data/dataset/train/646.jpg 346,245,379,272,4 212,114,275,190,4 158,61,182,93,3 10,309,44,354,1 
./data/dataset/train/647.jpg 215,212,243,252,7 105,160,143,194,3 247,344,279,371,9 25,63,60,97,5 
./data/dataset/train/648.jpg 139,150,172,204,4 200,87,260,145,1 286,304,330,367,4 352,205,382,251,1 
./data/dataset/train/649.jpg 84,309,141,355,9 352,43,402,105,6 173,182,208,221,4 53,119,73,159,7 
./data/dataset/train/650.jpg 310,6,338,34,7 234,54,256,85,5 271,272,298,313,6 21,338,54,377,4 
./data/dataset/train/651.jpg 139,318,170,351,3 184,86,216,118,9 324,256,355,299,4 255,27,292,66,4 25,200,49,242,5 
./data/dataset/train/652.jpg 214,25,258,81,4 278,279,317,308,6 21,383,54,409,8 
./data/dataset/train/653.jpg 109,230,136,286,6 164,183,194,219,8 47,309,81,372,7 
./data/dataset/train/654.jpg 108,42,129,90,9 278,239,295,266,8 360,374,390,406,1 37,123,85,164,8 312,328,330,369,3 
./data/dataset/train/655.jpg 260,236,313,298,1 176,308,207,339,4 123,37,143,75,4 
./data/dataset/train/656.jpg 110,178,154,248,8 55,91,76,129,8 164,274,194,316,4 285,344,325,392,3 
./data/dataset/train/657.jpg 349,313,395,382,2 205,169,231,216,8 301,8,333,56,1 
